r none tardif prudent reactif posteriori
0 0.0 3534.5 4569.9 18554.6 18554.6
100 0.0 3467.8 4372.5 18274.6 18277.4
200 0.0 3401.1 4175.1 17994.7 18004.4
300 0.0 3334.4 3977.7 17714.7 17735.5
400 0.0 3267.7 3780.3 17434.8 17470.5
500 0.0 3201.0 3582.9 17154.8 17208.4
600 0.0 3134.3 3385.5 16874.9 16950.9
700 0.0 3067.6 3188.1 16594.9 16697.5
800 0.0 3000.9 2990.7 16315.0 16447.4
900 0.0 2934.2 2793.3 16035.0 16200.3
1000 0.0 2867.5 2595.9 15755.1 15956.9
1100 0.0 2800.8 2398.5 15475.1 15716.4
1200 0.0 2734.1 2201.1 15195.2 15479.2
1300 0.0 2667.4 2003.7 14915.2 15245.7
1400 0.0 2600.7 1806.3 14635.3 15014.7
1500 0.0 2534.0 1608.9 14355.3 14785.8
1600 0.0 2467.3 1411.5 14075.4 14558.7
1700 0.0 2400.6 1214.1 13795.4 14334.2
1800 0.0 2333.9 1016.7 13515.5 14113.4
1900 0.0 2267.2 819.3 13235.5 13895.7
2000 0.0 2200.5 621.9 12955.6 13680.8
2100 0.0 2133.8 424.5 12675.6 13469.4
2200 0.0 2067.1 227.1 12395.7 13260.3
2300 0.0 2000.4 29.7 12115.7 13053.4
2400 0.0 1933.7 -167.7 11835.8 12849.9
2500 0.0 1867.0 -365.1 11555.8 12648.4
2600 0.0 1800.3 -562.5 11275.9 12449.3
2700 0.0 1733.6 -759.9 10995.9 12252.3
2800 0.0 1666.9 -957.3 10716.0 12057.5
2900 0.0 1600.2 -1154.7 10436.0 11865.1
3000 0.0 1533.5 -1352.1 10156.1 11675.0
3100 0.0 1466.8 -1549.5 9876.1 11487.4
3200 0.0 1400.1 -1746.9 9596.2 11302.4
3300 0.0 1333.4 -1944.3 9316.2 11119.9
3400 0.0 1266.7 -2141.7 9036.3 10940.5
3500 0.0 1200.0 -2339.1 8756.3 10763.8
3600 0.0 1133.3 -2536.5 8476.4 10589.3
3700 0.0 1066.6 -2733.9 8196.4 10416.1
3800 0.0 999.9 -2931.3 7916.5 10245.2
3900 0.0 933.2 -3128.7 7636.5 10075.7
4000 0.0 866.5 -3326.1 7356.6 9909.0
4100 0.0 799.8 -3523.5 7076.6 9744.0
4200 0.0 733.1 -3720.9 6796.7 9581.1
4300 0.0 666.4 -3918.3 6516.7 9420.4
4400 0.0 599.7 -4115.7 6236.8 9262.2
4500 0.0 533.0 -4313.1 5956.8 9106.1
4600 0.0 466.3 -4510.5 5676.9 8951.5
4700 0.0 399.6 -4707.9 5396.9 8799.0
4800 0.0 332.9 -4905.3 5117.0 8648.4
4900 0.0 266.2 -5102.7 4837.0 8499.6
5000 0.0 199.5 -5300.1 4557.1 8352.1
5100 0.0 132.8 -5497.5 4277.1 8206.4
5200 0.0 66.1 -5694.9 3997.2 8062.8
5300 0.0 -0.6 -5892.3 3717.2 7920.8
5400 0.0 -67.3 -6089.7 3437.3 7780.5
5500 0.0 -134.0 -6287.1 3157.3 7641.9
5600 0.0 -200.7 -6484.5 2877.4 7505.1
5700 0.0 -267.4 -6681.9 2597.4 7370.4
5800 0.0 -334.1 -6879.3 2317.5 7237.7
5900 0.0 -400.8 -7076.7 2037.5 7106.8
6000 0.0 -467.5 -7274.1 1757.6 6977.7
6100 0.0 -534.2 -7471.5 1477.6 6850.2
6200 0.0 -600.9 -7668.9 1197.7 6724.9
6300 0.0 -667.6 -7866.3 917.7 6601.4
6400 0.0 -734.3 -8063.7 637.8 6480.1
6500 0.0 -801.0 -8261.1 357.8 6361.1
6600 0.0 -867.7 -8458.5 77.9 6244.1
6700 0.0 -934.4 -8655.9 -202.1 6129.1
6800 0.0 -1001.1 -8853.3 -482.0 6016.2
6900 0.0 -1067.8 -9050.7 -762.0 5904.5
7000 0.0 -1134.5 -9248.1 -1041.9 5794.0
7100 0.0 -1201.2 -9445.5 -1321.9 5684.5
7200 0.0 -1267.9 -9642.9 -1601.8 5576.3
7300 0.0 -1334.6 -9840.3 -1881.8 5469.6
7400 0.0 -1401.3 -10037.7 -2161.7 5364.5
7500 0.0 -1468.0 -10235.1 -2441.7 5262.0
7600 0.0 -1534.7 -10432.5 -2721.6 5162.3
7700 0.0 -1601.4 -10629.9 -3001.6 5064.4
7800 0.0 -1668.1 -10827.3 -3281.5 4968.1
7900 0.0 -1734.8 -11024.7 -3561.5 4873.1
8000 0.0 -1801.5 -11222.1 -3841.4 4780.0
8100 0.0 -1868.2 -11419.5 -4121.4 4688.1
8200 0.0 -1934.9 -11616.9 -4401.3 4598.0
8300 0.0 -2001.6 -11814.3 -4681.3 4509.2
8400 0.0 -2068.3 -12011.7 -4961.2 4421.9
8500 0.0 -2135.0 -12209.1 -5241.2 4336.7
8600 0.0 -2201.7 -12406.5 -5521.1 4253.1
8700 0.0 -2268.4 -12603.9 -5801.1 4171.1
8800 0.0 -2335.1 -12801.3 -6081.0 4090.6
8900 0.0 -2401.8 -12998.7 -6361.0 4011.3
9000 0.0 -2468.5 -13196.1 -6640.9 3933.0
9100 0.0 -2535.2 -13393.5 -6920.9 3855.9
9200 0.0 -2601.9 -13590.9 -7200.8 3779.6
9300 0.0 -2668.6 -13788.3 -7480.8 3704.3
9400 0.0 -2735.3 -13985.7 -7760.7 3629.8
9500 0.0 -2802.0 -14183.1 -8040.7 3556.3
9600 0.0 -2868.7 -14380.5 -8320.6 3483.7
9700 0.0 -2935.4 -14577.9 -8600.6 3412.1
9800 0.0 -3002.1 -14775.3 -8880.5 3342.4
9900 0.0 -3068.8 -14972.7 -9160.5 3274.2
10000 0.0 -3135.5 -15170.1 -9440.4 3207.2
10100 0.0 -3202.2 -15367.5 -9720.4 3141.9
10200 0.0 -3268.9 -15564.9 -10000.3 3078.2
10300 0.0 -3335.6 -15762.3 -10280.3 3016.1
10400 0.0 -3402.3 -15959.7 -10560.2 2955.8
10500 0.0 -3469.0 -16157.1 -10840.2 2896.5
10600 0.0 -3535.7 -16354.5 -11120.1 2838.7
10700 0.0 -3602.4 -16551.9 -11400.1 2781.9
10800 0.0 -3669.1 -16749.3 -11680.0 2725.6
10900 0.0 -3735.8 -16946.7 -11960.0 2670.9
11000 0.0 -3802.5 -17144.1 -12239.9 2617.7
11100 0.0 -3869.2 -17341.5 -12519.9 2565.4
11200 0.0 -3935.9 -17538.9 -12799.8 2514.4
11300 0.0 -4002.6 -17736.3 -13079.8 2464.5
11400 0.0 -4069.3 -17933.7 -13359.7 2416.1
11500 0.0 -4136.0 -18131.1 -13639.7 2368.5
11600 0.0 -4202.7 -18328.5 -13919.6 2321.3
11700 0.0 -4269.4 -18525.9 -14199.6 2274.9
11800 0.0 -4336.1 -18723.3 -14479.5 2229.7
11900 0.0 -4402.8 -18920.7 -14759.5 2185.2
12000 0.0 -4469.5 -19118.1 -15039.4 2141.4
12100 0.0 -4536.2 -19315.5 -15319.4 2098.2
12200 0.0 -4602.9 -19512.9 -15599.3 2055.5
12300 0.0 -4669.6 -19710.3 -15879.3 2013.4
12400 0.0 -4736.3 -19907.7 -16159.2 1971.9
12500 0.0 -4803.0 -20105.1 -16439.2 1931.0
12600 0.0 -4869.7 -20302.5 -16719.1 1890.9
12700 0.0 -4936.4 -20499.9 -16999.1 1851.5
12800 0.0 -5003.1 -20697.3 -17279.0 1812.4
12900 0.0 -5069.8 -20894.7 -17559.0 1774.0
13000 0.0 -5136.5 -21092.1 -17838.9 1736.2
13100 0.0 -5203.2 -21289.5 -18118.9 1699.2
13200 0.0 -5269.9 -21486.9 -18398.8 1662.7
13300 0.0 -5336.6 -21684.3 -18678.8 1626.7
13400 0.0 -5403.3 -21881.7 -18958.7 1591.1
13500 0.0 -5470.0 -22079.1 -19238.7 1556.3
13600 0.0 -5536.7 -22276.5 -19518.6 1522.2
13700 0.0 -5603.4 -22473.9 -19798.6 1489.1
13800 0.0 -5670.1 -22671.3 -20078.5 1456.6
13900 0.0 -5736.8 -22868.7 -20358.5 1425.0
14000 0.0 -5803.5 -23066.1 -20638.4 1394.0
14100 0.0 -5870.2 -23263.5 -20918.4 1363.7
14200 0.0 -5936.9 -23460.9 -21198.3 1334.0
14300 0.0 -6003.6 -23658.3 -21478.3 1305.1
14400 0.0 -6070.3 -23855.7 -21758.2 1276.7
14500 0.0 -6137.0 -24053.1 -22038.2 1248.7
14600 0.0 -6203.7 -24250.5 -22318.1 1221.2
14700 0.0 -6270.4 -24447.9 -22598.1 1194.7
14800 0.0 -6337.1 -24645.3 -22878.0 1168.8
14900 0.0 -6403.8 -24842.7 -23158.0 1143.7
15000 0.0 -6470.5 -25040.1 -23437.9 1118.8
15100 0.0 -6537.2 -25237.5 -23717.9 1094.4
15200 0.0 -6603.9 -25434.9 -23997.8 1070.2
15300 0.0 -6670.6 -25632.3 -24277.8 1046.3
15400 0.0 -6737.3 -25829.7 -24557.7 1022.6
15500 0.0 -6804.0 -26027.1 -24837.7 999.4
15600 0.0 -6870.7 -26224.5 -25117.6 976.4
15700 0.0 -6937.4 -26421.9 -25397.6 953.9
15800 0.0 -7004.1 -26619.3 -25677.5 932.0
15900 0.0 -7070.8 -26816.7 -25957.5 910.5
16000 0.0 -7137.5 -27014.1 -26237.4 889.4
16100 0.0 -7204.2 -27211.5 -26517.4 868.7
16200 0.0 -7270.9 -27408.9 -26797.3 848.5
16300 0.0 -7337.6 -27606.3 -27077.3 828.5
16400 0.0 -7404.3 -27803.7 -27357.2 808.8
16500 0.0 -7471.0 -28001.1 -27637.2 789.5
16600 0.0 -7537.7 -28198.5 -27917.1 770.7
16700 0.0 -7604.4 -28395.9 -28197.1 752.3
16800 0.0 -7671.1 -28593.3 -28477.0 734.7
16900 0.0 -7737.8 -28790.7 -28757.0 717.7
17000 0.0 -7804.5 -28988.1 -29036.9 701.2
17100 0.0 -7871.2 -29185.5 -29316.9 685.1
17200 0.0 -7937.9 -29382.9 -29596.8 669.6
17300 0.0 -8004.6 -29580.3 -29876.8 654.5
17400 0.0 -8071.3 -29777.7 -30156.7 639.8
17500 0.0 -8138.0 -29975.1 -30436.7 625.5
17600 0.0 -8204.7 -30172.5 -30716.6 611.6
17700 0.0 -8271.4 -30369.9 -30996.6 598.0
17800 0.0 -8338.1 -30567.3 -31276.5 584.8
17900 0.0 -8404.8 -30764.7 -31556.5 571.8
18000 0.0 -8471.5 -30962.1 -31836.4 559.2
18100 0.0 -8538.2 -31159.5 -32116.4 546.9
18200 0.0 -8604.9 -31356.9 -32396.3 535.2
18300 0.0 -8671.6 -31554.3 -32676.3 523.6
18400 0.0 -8738.3 -31751.7 -32956.2 512.4
18500 0.0 -8805.0 -31949.1 -33236.2 501.3
18600 0.0 -8871.7 -32146.5 -33516.1 490.2
18700 0.0 -8938.4 -32343.9 -33796.1 479.3
18800 0.0 -9005.1 -32541.3 -34076.0 468.6
18900 0.0 -9071.8 -32738.7 -34356.0 458.1
19000 0.0 -9138.5 -32936.1 -34635.9 447.8
19100 0.0 -9205.2 -33133.5 -34915.9 437.6
19200 0.0 -9271.9 -33330.9 -35195.8 427.7
19300 0.0 -9338.6 -33528.3 -35475.8 418.0
19400 0.0 -9405.3 -33725.7 -35755.7 408.4
19500 0.0 -9472.0 -33923.1 -36035.7 398.9
19600 0.0 -9538.7 -34120.5 -36315.6 389.6
19700 0.0 -9605.4 -34317.9 -36595.6 380.4
19800 0.0 -9672.1 -34515.3 -36875.5 371.4
19900 0.0 -9738.8 -34712.7 -37155.5 362.5
20000 0.0 -9805.5 -34910.1 -37435.4 353.8
