jour none reactif prudent tardif
-10 1.0000 1.0000 1.0000 1.0000
-9 1.0000 1.0000 1.0000 1.0000
-8 1.0000 1.0000 1.0000 1.0000
-7 1.0000 1.0000 1.0000 1.0000
-6 1.0000 1.0000 1.0000 1.0000
-5 1.0000 1.0000 1.0000 1.0000
-4 1.0000 1.0000 1.0000 1.0000
-3 1.0000 1.0000 1.0000 1.0000
-2 1.0000 1.0000 1.0000 1.0000
-1 1.0000 1.0000 1.0000 1.0000
0 0.8838 0.8838 0.8838 0.8838
1 0.8468 0.8468 0.8468 0.8468
2 0.8797 0.8797 0.8797 0.8797
3 0.8466 0.8466 0.8466 0.8466
4 0.8274 0.9689 0.8274 0.8274
5 0.8542 1.0000 0.8646 0.8542
6 0.8365 0.9812 0.8448 0.8365
7 0.8856 1.0000 0.8931 0.8856
8 0.8713 1.0000 0.8768 0.8713
9 0.8743 1.0000 0.8779 0.8743
10 0.8761 1.0000 0.9542 0.9312
11 0.8597 1.0000 0.9331 0.9138
12 0.8438 0.9912 0.9144 0.8968
13 0.8155 0.9527 0.8813 0.8668
14 0.8709 1.0000 0.9462 0.9256
15 0.8272 1.0000 0.9687 0.8792
16 0.8806 1.0000 1.0000 0.9360
17 0.8544 1.0000 1.0000 0.9081
18 0.8716 1.0000 1.0000 0.9838
19 0.8468 1.0000 0.9953 0.9558
20 0.8181 1.0000 0.9563 0.9235
21 1.0000 1.0000 1.0000 1.0000
22 1.0000 1.0000 1.0000 1.0000
23 1.0000 1.0000 1.0000 1.0000
24 1.0000 1.0000 1.0000 1.0000
25 1.0000 1.0000 1.0000 1.0000
26 1.0000 1.0000 1.0000 1.0000
27 1.0000 1.0000 1.0000 1.0000
28 1.0000 1.0000 1.0000 1.0000
29 1.0000 1.0000 1.0000 1.0000
30 1.0000 1.0000 1.0000 1.0000
31 1.0000 1.0000 1.0000 1.0000
32 1.0000 1.0000 1.0000 1.0000
33 1.0000 1.0000 1.0000 1.0000
34 1.0000 1.0000 1.0000 1.0000
35 1.0000 1.0000 1.0000 1.0000
36 1.0000 1.0000 1.0000 1.0000
37 1.0000 1.0000 1.0000 1.0000
38 1.0000 1.0000 1.0000 1.0000
39 1.0000 1.0000 1.0000 1.0000
40 1.0000 1.0000 1.0000 1.0000
41 1.0000 1.0000 1.0000 1.0000
42 1.0000 1.0000 1.0000 1.0000
43 1.0000 1.0000 1.0000 1.0000
44 1.0000 1.0000 1.0000 1.0000
45 1.0000 1.0000 1.0000 1.0000
