jour p
-10.000 0.99840
-9.950 0.99840
-9.900 0.99840
-9.850 0.99840
-9.800 0.99840
-9.750 0.99840
-9.700 0.99840
-9.650 0.99840
-9.600 0.99840
-9.550 0.99840
-9.500 0.99840
-9.450 0.99840
-9.400 0.99840
-9.350 0.99840
-9.300 0.99840
-9.250 0.99840
-9.200 0.99840
-9.150 0.99840
-9.100 0.99840
-9.050 0.99840
-9.000 0.99840
-8.950 0.99840
-8.900 0.99840
-8.850 0.99840
-8.800 0.99840
-8.750 0.99840
-8.700 0.99840
-8.650 0.99840
-8.600 0.99840
-8.550 0.99840
-8.500 0.99840
-8.450 0.99840
-8.400 0.99840
-8.350 0.99840
-8.300 0.99840
-8.250 0.99840
-8.200 0.99840
-8.150 0.99840
-8.100 0.99840
-8.050 0.99840
-8.000 0.99840
-7.950 0.99840
-7.900 0.99840
-7.850 0.99840
-7.800 0.99840
-7.750 0.99840
-7.700 0.99840
-7.650 0.99840
-7.600 0.99840
-7.550 0.99840
-7.500 0.99840
-7.450 0.99840
-7.400 0.99840
-7.350 0.99840
-7.300 0.99840
-7.250 0.99840
-7.200 0.99840
-7.150 0.99840
-7.100 0.99840
-7.050 0.99840
-7.000 0.99840
-6.950 0.99840
-6.900 0.99840
-6.850 0.99840
-6.800 0.99840
-6.750 0.99840
-6.700 0.99840
-6.650 0.99840
-6.600 0.99840
-6.550 0.99840
-6.500 0.99840
-6.450 0.99840
-6.400 0.99840
-6.350 0.99840
-6.300 0.99840
-6.250 0.99840
-6.200 0.99840
-6.150 0.99840
-6.100 0.99840
-6.050 0.99840
-6.000 0.99840
-5.950 0.99840
-5.900 0.99840
-5.850 0.99840
-5.800 0.99840
-5.750 0.99840
-5.700 0.99840
-5.650 0.99840
-5.600 0.99840
-5.550 0.99840
-5.500 0.99840
-5.450 0.99840
-5.400 0.99840
-5.350 0.99840
-5.300 0.99840
-5.250 0.99840
-5.200 0.99840
-5.150 0.99840
-5.100 0.99840
-5.050 0.99840
-5.000 0.99840
-4.950 0.99840
-4.900 0.99840
-4.850 0.99840
-4.800 0.99840
-4.750 0.99840
-4.700 0.99840
-4.650 0.99840
-4.600 0.99840
-4.550 0.99840
-4.500 0.99840
-4.450 0.99840
-4.400 0.99840
-4.350 0.99840
-4.300 0.99840
-4.250 0.99840
-4.200 0.99840
-4.150 0.99840
-4.100 0.99840
-4.050 0.99840
-4.000 0.99840
-3.950 0.99840
-3.900 0.99840
-3.850 0.99840
-3.800 0.99840
-3.750 0.99840
-3.700 0.99840
-3.650 0.99840
-3.600 0.99840
-3.550 0.99840
-3.500 0.99840
-3.450 0.99840
-3.400 0.99840
-3.350 0.99840
-3.300 0.99840
-3.250 0.99840
-3.200 0.99840
-3.150 0.99840
-3.100 0.99840
-3.050 0.99840
-3.000 0.99840
-2.950 0.99840
-2.900 0.99840
-2.850 0.99840
-2.800 0.99840
-2.750 0.99840
-2.700 0.99840
-2.650 0.99840
-2.600 0.99840
-2.550 0.99840
-2.500 0.99840
-2.450 0.99840
-2.400 0.99840
-2.350 0.99840
-2.300 0.99840
-2.250 0.99840
-2.200 0.99840
-2.150 0.99840
-2.100 0.99840
-2.050 0.99840
-2.000 0.99840
-1.950 0.99840
-1.900 0.99840
-1.850 0.99840
-1.800 0.99840
-1.750 0.99840
-1.700 0.99840
-1.650 0.99840
-1.600 0.99840
-1.550 0.99840
-1.500 0.99840
-1.450 0.99840
-1.400 0.99840
-1.350 0.99840
-1.300 0.99840
-1.250 0.99840
-1.200 0.99840
-1.150 0.99840
-1.100 0.99840
-1.050 0.99840
-1.000 0.99840
-0.950 0.99840
-0.900 0.99840
-0.850 0.99840
-0.800 0.99840
-0.750 0.99840
-0.700 0.99840
-0.650 0.99840
-0.600 0.99840
-0.550 0.99840
-0.500 0.99839
-0.450 0.99838
-0.400 0.99835
-0.350 0.99825
-0.300 0.99801
-0.250 0.99736
-0.200 0.99565
-0.150 0.99126
-0.100 0.98073
-0.050 0.95910
0.000 0.92610
0.050 0.89310
0.100 0.87147
0.150 0.86094
0.200 0.85655
0.250 0.85484
0.300 0.85419
0.350 0.85395
0.400 0.85385
0.450 0.85382
0.500 0.85381
0.550 0.85380
0.600 0.85380
0.650 0.85380
0.700 0.85380
0.750 0.85380
0.800 0.85380
0.850 0.85380
0.900 0.85380
0.950 0.85380
1.000 0.85380
1.050 0.85380
1.100 0.85380
1.150 0.85380
1.200 0.85380
1.250 0.85380
1.300 0.85380
1.350 0.85380
1.400 0.85380
1.450 0.85380
1.500 0.85380
1.550 0.85380
1.600 0.85380
1.650 0.85380
1.700 0.85380
1.750 0.85380
1.800 0.85380
1.850 0.85380
1.900 0.85380
1.950 0.85380
2.000 0.85380
2.050 0.85380
2.100 0.85380
2.150 0.85380
2.200 0.85380
2.250 0.85380
2.300 0.85380
2.350 0.85380
2.400 0.85380
2.450 0.85380
2.500 0.85380
2.550 0.85380
2.600 0.85380
2.650 0.85380
2.700 0.85380
2.750 0.85380
2.800 0.85380
2.850 0.85380
2.900 0.85380
2.950 0.85380
3.000 0.85380
3.050 0.85380
3.100 0.85380
3.150 0.85380
3.200 0.85380
3.250 0.85380
3.300 0.85380
3.350 0.85380
3.400 0.85380
3.450 0.85380
3.500 0.85380
3.550 0.85380
3.600 0.85380
3.650 0.85380
3.700 0.85380
3.750 0.85380
3.800 0.85380
3.850 0.85380
3.900 0.85380
3.950 0.85380
4.000 0.85380
4.050 0.85380
4.100 0.85380
4.150 0.85380
4.200 0.85380
4.250 0.85380
4.300 0.85380
4.350 0.85380
4.400 0.85380
4.450 0.85380
4.500 0.85380
4.550 0.85380
4.600 0.85380
4.650 0.85380
4.700 0.85380
4.750 0.85380
4.800 0.85380
4.850 0.85380
4.900 0.85380
4.950 0.85380
5.000 0.85380
5.050 0.85380
5.100 0.85380
5.150 0.85380
5.200 0.85380
5.250 0.85380
5.300 0.85380
5.350 0.85380
5.400 0.85380
5.450 0.85380
5.500 0.85380
5.550 0.85380
5.600 0.85380
5.650 0.85380
5.700 0.85380
5.750 0.85380
5.800 0.85380
5.850 0.85380
5.900 0.85380
5.950 0.85380
6.000 0.85380
6.050 0.85380
6.100 0.85380
6.150 0.85380
6.200 0.85380
6.250 0.85380
6.300 0.85380
6.350 0.85380
6.400 0.85380
6.450 0.85380
6.500 0.85380
6.550 0.85380
6.600 0.85380
6.650 0.85380
6.700 0.85380
6.750 0.85380
6.800 0.85380
6.850 0.85380
6.900 0.85380
6.950 0.85380
7.000 0.85380
7.050 0.85380
7.100 0.85380
7.150 0.85380
7.200 0.85380
7.250 0.85380
7.300 0.85380
7.350 0.85380
7.400 0.85380
7.450 0.85380
7.500 0.85380
7.550 0.85380
7.600 0.85380
7.650 0.85380
7.700 0.85380
7.750 0.85380
7.800 0.85380
7.850 0.85380
7.900 0.85380
7.950 0.85380
8.000 0.85380
8.050 0.85380
8.100 0.85380
8.150 0.85380
8.200 0.85380
8.250 0.85380
8.300 0.85380
8.350 0.85380
8.400 0.85380
8.450 0.85380
8.500 0.85380
8.550 0.85380
8.600 0.85380
8.650 0.85380
8.700 0.85380
8.750 0.85380
8.800 0.85380
8.850 0.85380
8.900 0.85380
8.950 0.85380
9.000 0.85380
9.050 0.85380
9.100 0.85380
9.150 0.85380
9.200 0.85380
9.250 0.85380
9.300 0.85380
9.350 0.85380
9.400 0.85380
9.450 0.85380
9.500 0.85380
9.550 0.85380
9.600 0.85380
9.650 0.85380
9.700 0.85380
9.750 0.85380
9.800 0.85380
9.850 0.85380
9.900 0.85380
9.950 0.85380
10.000 0.85380
10.050 0.85380
10.100 0.85380
10.150 0.85380
10.200 0.85380
10.250 0.85380
10.300 0.85380
10.350 0.85380
10.400 0.85380
10.450 0.85380
10.500 0.85380
10.550 0.85380
10.600 0.85380
10.650 0.85380
10.700 0.85380
10.750 0.85380
10.800 0.85380
10.850 0.85380
10.900 0.85380
10.950 0.85380
11.000 0.85380
11.050 0.85380
11.100 0.85380
11.150 0.85380
11.200 0.85380
11.250 0.85380
11.300 0.85380
11.350 0.85380
11.400 0.85380
11.450 0.85380
11.500 0.85380
11.550 0.85380
11.600 0.85380
11.650 0.85380
11.700 0.85380
11.750 0.85380
11.800 0.85380
11.850 0.85380
11.900 0.85380
11.950 0.85380
12.000 0.85380
12.050 0.85380
12.100 0.85380
12.150 0.85380
12.200 0.85380
12.250 0.85380
12.300 0.85380
12.350 0.85380
12.400 0.85380
12.450 0.85380
12.500 0.85380
12.550 0.85380
12.600 0.85380
12.650 0.85380
12.700 0.85380
12.750 0.85380
12.800 0.85380
12.850 0.85380
12.900 0.85380
12.950 0.85380
13.000 0.85380
13.050 0.85380
13.100 0.85380
13.150 0.85380
13.200 0.85380
13.250 0.85380
13.300 0.85380
13.350 0.85380
13.400 0.85380
13.450 0.85380
13.500 0.85380
13.550 0.85380
13.600 0.85380
13.650 0.85380
13.700 0.85380
13.750 0.85380
13.800 0.85380
13.850 0.85380
13.900 0.85380
13.950 0.85380
14.000 0.85380
14.050 0.85380
14.100 0.85380
14.150 0.85380
14.200 0.85380
14.250 0.85380
14.300 0.85380
14.350 0.85380
14.400 0.85380
14.450 0.85380
14.500 0.85380
14.550 0.85380
14.600 0.85380
14.650 0.85380
14.700 0.85380
14.750 0.85380
14.800 0.85380
14.850 0.85380
14.900 0.85380
14.950 0.85380
15.000 0.85380
15.050 0.85380
15.100 0.85380
15.150 0.85380
15.200 0.85380
15.250 0.85380
15.300 0.85380
15.350 0.85380
15.400 0.85380
15.450 0.85380
15.500 0.85380
15.550 0.85380
15.600 0.85380
15.650 0.85380
15.700 0.85380
15.750 0.85380
15.800 0.85380
15.850 0.85380
15.900 0.85380
15.950 0.85380
16.000 0.85380
16.050 0.85380
16.100 0.85380
16.150 0.85380
16.200 0.85380
16.250 0.85380
16.300 0.85380
16.350 0.85380
16.400 0.85380
16.450 0.85380
16.500 0.85380
16.550 0.85380
16.600 0.85380
16.650 0.85380
16.700 0.85380
16.750 0.85380
16.800 0.85380
16.850 0.85380
16.900 0.85380
16.950 0.85380
17.000 0.85380
17.050 0.85380
17.100 0.85380
17.150 0.85380
17.200 0.85380
17.250 0.85380
17.300 0.85380
17.350 0.85380
17.400 0.85380
17.450 0.85380
17.500 0.85380
17.550 0.85380
17.600 0.85380
17.650 0.85380
17.700 0.85380
17.750 0.85380
17.800 0.85380
17.850 0.85380
17.900 0.85380
17.950 0.85380
18.000 0.85380
18.050 0.85380
18.100 0.85380
18.150 0.85380
18.200 0.85380
18.250 0.85380
18.300 0.85380
18.350 0.85380
18.400 0.85380
18.450 0.85380
18.500 0.85380
18.550 0.85380
18.600 0.85380
18.650 0.85380
18.700 0.85380
18.750 0.85380
18.800 0.85380
18.850 0.85380
18.900 0.85380
18.950 0.85380
19.000 0.85380
19.050 0.85380
19.100 0.85380
19.150 0.85380
19.200 0.85380
19.250 0.85380
19.300 0.85380
19.350 0.85380
19.400 0.85380
19.450 0.85380
19.500 0.85380
19.550 0.85380
19.600 0.85380
19.650 0.85380
19.700 0.85380
19.750 0.85380
19.800 0.85380
19.850 0.85380
19.900 0.85380
19.950 0.85380
20.000 0.85380
20.050 0.85380
20.100 0.85380
20.150 0.85382
20.200 0.85644
20.250 0.95526
20.300 0.99948
20.350 1.00000
20.400 1.00000
20.450 1.00000
20.500 1.00000
20.550 1.00000
20.600 1.00000
20.650 1.00000
20.700 1.00000
20.750 1.00000
20.800 1.00000
20.850 1.00000
20.900 1.00000
20.950 1.00000
21.000 1.00000
21.050 1.00000
21.100 1.00000
21.150 1.00000
21.200 1.00000
21.250 1.00000
21.300 1.00000
21.350 1.00000
21.400 1.00000
21.450 1.00000
21.500 1.00000
21.550 1.00000
21.600 1.00000
21.650 1.00000
21.700 1.00000
21.750 1.00000
21.800 1.00000
21.850 1.00000
21.900 1.00000
21.950 1.00000
22.000 1.00000
22.050 1.00000
22.100 1.00000
22.150 1.00000
22.200 1.00000
22.250 1.00000
22.300 1.00000
22.350 1.00000
22.400 1.00000
22.450 1.00000
22.500 1.00000
22.550 1.00000
22.600 1.00000
22.650 1.00000
22.700 1.00000
22.750 1.00000
22.800 1.00000
22.850 1.00000
22.900 1.00000
22.950 1.00000
23.000 1.00000
23.050 1.00000
23.100 1.00000
23.150 1.00000
23.200 1.00000
23.250 1.00000
23.300 1.00000
23.350 1.00000
23.400 1.00000
23.450 1.00000
23.500 1.00000
23.550 1.00000
23.600 1.00000
23.650 1.00000
23.700 1.00000
23.750 1.00000
23.800 1.00000
23.850 1.00000
23.900 1.00000
23.950 1.00000
24.000 1.00000
24.050 1.00000
24.100 1.00000
24.150 1.00000
24.200 1.00000
24.250 1.00000
24.300 1.00000
24.350 1.00000
24.400 1.00000
24.450 1.00000
24.500 1.00000
24.550 1.00000
24.600 1.00000
24.650 1.00000
24.700 1.00000
24.750 1.00000
24.800 1.00000
24.850 1.00000
24.900 1.00000
24.950 1.00000
25.000 1.00000
25.050 1.00000
25.100 1.00000
25.150 1.00000
25.200 1.00000
25.250 1.00000
25.300 1.00000
25.350 1.00000
25.400 1.00000
25.450 1.00000
25.500 1.00000
25.550 1.00000
25.600 1.00000
25.650 1.00000
25.700 1.00000
25.750 1.00000
25.800 1.00000
25.850 1.00000
25.900 1.00000
25.950 1.00000
26.000 1.00000
26.050 1.00000
26.100 1.00000
26.150 1.00000
26.200 1.00000
26.250 1.00000
26.300 1.00000
26.350 1.00000
26.400 1.00000
26.450 1.00000
26.500 1.00000
26.550 1.00000
26.600 1.00000
26.650 1.00000
26.700 1.00000
26.750 1.00000
26.800 1.00000
26.850 1.00000
26.900 1.00000
26.950 1.00000
27.000 1.00000
27.050 1.00000
27.100 1.00000
27.150 1.00000
27.200 1.00000
27.250 1.00000
27.300 1.00000
27.350 1.00000
27.400 1.00000
27.450 1.00000
27.500 1.00000
27.550 1.00000
27.600 1.00000
27.650 1.00000
27.700 1.00000
27.750 1.00000
27.800 1.00000
27.850 1.00000
27.900 1.00000
27.950 1.00000
28.000 1.00000
28.050 1.00000
28.100 1.00000
28.150 1.00000
28.200 1.00000
28.250 1.00000
28.300 1.00000
28.350 1.00000
28.400 1.00000
28.450 1.00000
28.500 1.00000
28.550 1.00000
28.600 1.00000
28.650 1.00000
28.700 1.00000
28.750 1.00000
28.800 1.00000
28.850 1.00000
28.900 1.00000
28.950 1.00000
29.000 1.00000
29.050 1.00000
29.100 1.00000
29.150 1.00000
29.200 1.00000
29.250 1.00000
29.300 1.00000
29.350 1.00000
29.400 1.00000
29.450 1.00000
29.500 1.00000
29.550 1.00000
29.600 1.00000
29.650 1.00000
29.700 1.00000
29.750 1.00000
29.800 1.00000
29.850 1.00000
29.900 1.00000
29.950 1.00000
30.000 1.00000
30.050 1.00000
30.100 1.00000
30.150 1.00000
30.200 1.00000
30.250 1.00000
30.300 1.00000
30.350 1.00000
30.400 1.00000
30.450 1.00000
30.500 1.00000
30.550 1.00000
30.600 1.00000
30.650 1.00000
30.700 1.00000
30.750 1.00000
30.800 1.00000
30.850 1.00000
30.900 1.00000
30.950 1.00000
31.000 1.00000
31.050 1.00000
31.100 1.00000
31.150 1.00000
31.200 1.00000
31.250 1.00000
31.300 1.00000
31.350 1.00000
31.400 1.00000
31.450 1.00000
31.500 1.00000
31.550 1.00000
31.600 1.00000
31.650 1.00000
31.700 1.00000
31.750 1.00000
31.800 1.00000
31.850 1.00000
31.900 1.00000
31.950 1.00000
32.000 1.00000
32.050 1.00000
32.100 1.00000
32.150 1.00000
32.200 1.00000
32.250 1.00000
32.300 1.00000
32.350 1.00000
32.400 1.00000
32.450 1.00000
32.500 1.00000
32.550 1.00000
32.600 1.00000
32.650 1.00000
32.700 1.00000
32.750 1.00000
32.800 1.00000
32.850 1.00000
32.900 1.00000
32.950 1.00000
33.000 1.00000
33.050 1.00000
33.100 1.00000
33.150 1.00000
33.200 1.00000
33.250 1.00000
33.300 1.00000
33.350 1.00000
33.400 1.00000
33.450 1.00000
33.500 1.00000
33.550 1.00000
33.600 1.00000
33.650 1.00000
33.700 1.00000
33.750 1.00000
33.800 1.00000
33.850 1.00000
33.900 1.00000
33.950 1.00000
34.000 1.00000
34.050 1.00000
34.100 1.00000
34.150 1.00000
34.200 1.00000
34.250 1.00000
34.300 1.00000
34.350 1.00000
34.400 1.00000
34.450 1.00000
34.500 1.00000
34.550 1.00000
34.600 1.00000
34.650 1.00000
34.700 1.00000
34.750 1.00000
34.800 1.00000
34.850 1.00000
34.900 1.00000
34.950 1.00000
35.000 1.00000
35.050 1.00000
35.100 1.00000
35.150 1.00000
35.200 1.00000
35.250 1.00000
35.300 1.00000
35.350 1.00000
35.400 1.00000
35.450 1.00000
35.500 1.00000
35.550 1.00000
35.600 1.00000
35.650 1.00000
35.700 1.00000
35.750 1.00000
35.800 1.00000
35.850 1.00000
35.900 1.00000
35.950 1.00000
36.000 1.00000
36.050 1.00000
36.100 1.00000
36.150 1.00000
36.200 1.00000
36.250 1.00000
36.300 1.00000
36.350 1.00000
36.400 1.00000
36.450 1.00000
36.500 1.00000
36.550 1.00000
36.600 1.00000
36.650 1.00000
36.700 1.00000
36.750 1.00000
36.800 1.00000
36.850 1.00000
36.900 1.00000
36.950 1.00000
37.000 1.00000
37.050 1.00000
37.100 1.00000
37.150 1.00000
37.200 1.00000
37.250 1.00000
37.300 1.00000
37.350 1.00000
37.400 1.00000
37.450 1.00000
37.500 1.00000
37.550 1.00000
37.600 1.00000
37.650 1.00000
37.700 1.00000
37.750 1.00000
37.800 1.00000
37.850 1.00000
37.900 1.00000
37.950 1.00000
38.000 1.00000
38.050 1.00000
38.100 1.00000
38.150 1.00000
38.200 1.00000
38.250 1.00000
38.300 1.00000
38.350 1.00000
38.400 1.00000
38.450 1.00000
38.500 1.00000
38.550 1.00000
38.600 1.00000
38.650 1.00000
38.700 1.00000
38.750 1.00000
38.800 1.00000
38.850 1.00000
38.900 1.00000
38.950 1.00000
39.000 1.00000
39.050 1.00000
39.100 1.00000
39.150 1.00000
39.200 1.00000
39.250 1.00000
39.300 1.00000
39.350 1.00000
39.400 1.00000
39.450 1.00000
39.500 1.00000
39.550 1.00000
39.600 1.00000
39.650 1.00000
39.700 1.00000
39.750 1.00000
39.800 1.00000
39.850 1.00000
39.900 1.00000
39.950 1.00000
40.000 1.00000
40.050 1.00000
40.100 1.00000
40.150 1.00000
40.200 1.00000
40.250 1.00000
40.300 1.00000
40.350 1.00000
40.400 1.00000
40.450 1.00000
40.500 1.00000
40.550 1.00000
40.600 1.00000
40.650 1.00000
40.700 1.00000
40.750 1.00000
40.800 1.00000
40.850 1.00000
40.900 1.00000
40.950 1.00000
41.000 1.00000
41.050 1.00000
41.100 1.00000
41.150 1.00000
41.200 1.00000
41.250 1.00000
41.300 1.00000
41.350 1.00000
41.400 1.00000
41.450 1.00000
41.500 1.00000
41.550 1.00000
41.600 1.00000
41.650 1.00000
41.700 1.00000
41.750 1.00000
41.800 1.00000
41.850 1.00000
41.900 1.00000
41.950 1.00000
42.000 1.00000
42.050 1.00000
42.100 1.00000
42.150 1.00000
42.200 1.00000
42.250 1.00000
42.300 1.00000
42.350 1.00000
42.400 1.00000
42.450 1.00000
42.500 1.00000
42.550 1.00000
42.600 1.00000
42.650 1.00000
42.700 1.00000
42.750 1.00000
42.800 1.00000
42.850 1.00000
42.900 1.00000
42.950 1.00000
43.000 1.00000
43.050 1.00000
43.100 1.00000
43.150 1.00000
43.200 1.00000
43.250 1.00000
43.300 1.00000
43.350 1.00000
43.400 1.00000
43.450 1.00000
43.500 1.00000
43.550 1.00000
43.600 1.00000
43.650 1.00000
43.700 1.00000
43.750 1.00000
43.800 1.00000
43.850 1.00000
43.900 1.00000
43.950 1.00000
44.000 1.00000
44.050 1.00000
44.100 1.00000
44.150 1.00000
44.200 1.00000
44.250 1.00000
44.300 1.00000
44.350 1.00000
44.400 1.00000
44.450 1.00000
44.500 1.00000
44.550 1.00000
44.600 1.00000
44.650 1.00000
44.700 1.00000
44.750 1.00000
44.800 1.00000
44.850 1.00000
44.900 1.00000
44.950 1.00000
45.000 1.00000
